600
Y
Y
Y
Y
7
1.97
-0.00750118457282042
0.41101840492806113
Polaris
2.07
0.1612947770662648
0.39558181422255384

3.0
0.1793779466589464
0.36831776221632134

4.29
0.11735770387371851
0.3730964366795043

4.95
0.12775115087946567
0.3472414927319841

4.21
0.06759729761190035
0.36825457624851665

4.35
0.0251802825164375
0.38769673786726055

7
-0.00750118457282042
0.41101840492806113
0.0251802825164375
0.38769673786726055
0.0251802825164375
0.38769673786726055
0.06759729761190035
0.36825457624851665
0.06759729761190035
0.36825457624851665
0.11735770387371851
0.3730964366795043
0.11735770387371851
0.3730964366795043
0.12775115087946567
0.3472414927319841
0.12775115087946567
0.3472414927319841
0.1793779466589464
0.36831776221632134
0.1793779466589464
0.36831776221632134
0.1612947770662648
0.39558181422255384
0.1612947770662648
0.39558181422255384
0.11735770387371851
0.3730964366795043
Ursa Minor
0
